# Tablefiles for NREL 15 MW reference wind turbine
# Table 1: Distribution table
# Assigns the airfoils 1-8 to positions along the blade
# Pos1[m] Pos2[m] no.atPos1 no.atPos2
     0.00    2.40         1         1
     2.40   18.00         1         2
    18.00   29.42         2         8
    29.42   39.46         8         7
    39.46   52.70         7         6
    52.70   64.52         6         5
    64.52   76.58         5         4
    76.58   92.61         4         3
    92.61  120.00         3         3
#
# Table 2: Layout file
# Physical layout of the blade
# Pos[m] twist[deg] chord[m]
   0.000     15.595    5.200
   2.400     15.591    5.208
   4.800     15.429    5.236
   7.200     14.989    5.289
   9.600     14.326    5.361
  12.000     13.495    5.443
  15.000     12.300    5.551
  18.000     11.032    5.650
  20.284     10.083    5.711
  22.568      9.200    5.752
  24.852      8.429    5.767
  27.136      7.777    5.755
  29.420      7.183    5.702
  31.931      6.527    5.601
  34.441      5.895    5.463
  36.951      5.294    5.310
  39.461      4.734    5.149
  42.109      4.200    4.991
  44.757      3.726    4.850
  47.405      3.307    4.728
  50.053      2.920    4.605
  52.702      2.561    4.482
  55.065      2.262    4.374
  57.429      1.980    4.267
  59.793      1.714    4.163
  62.157      1.458    4.062
  64.521      1.216    3.964
  66.933      0.988    3.867
  69.346      0.775    3.773
  71.759      0.575    3.681
  74.172      0.380    3.591
  76.585      0.186    3.501
  78.874     -0.002    3.415
  81.163     -0.203    3.329
  83.452     -0.425    3.242
  85.742     -0.683    3.155
  88.031     -0.982    3.070
  90.320     -1.283    2.984
  92.609     -1.575    2.898
  96.000     -1.937    2.768
  98.250     -2.108    2.680
 100.500     -2.166    2.588
 102.750     -2.177    2.494
 105.000     -2.161    2.397
 107.250     -2.119    2.299
 109.500     -2.049    2.198
 111.750     -1.951    2.095
 114.000     -1.815    1.990
 117.000     -1.568    1.848
 120.000     -1.242    0.500
#
# Table 3: Lift and drag coefficients for airfoils 1-8
# alpha    c_l_1    c_d_1    c_l_2    c_d_2    c_l_3    c_d_3    c_l_4    c_d_4    c_l_5    c_d_5    c_l_6    c_d_6    c_l_7    c_d_7    c_l_8    c_d_8
#
-180.00   0.0001   0.3500   0.0000   0.0844   0.0000   0.0246   0.0000   0.0118   0.0000   0.0155   0.0000   0.0245   0.0000   0.0317   0.0000   0.0371
-175.00   0.0001   0.3500   0.2202   0.0844   0.1182   0.0281   0.1273   0.0153   0.1359   0.0187   0.1424   0.0275   0.1523   0.0346   0.1570   0.0401
-170.00   0.0001   0.3500   0.4419   0.0844   0.2364   0.0433   0.2545   0.0253   0.2718   0.0285   0.2847   0.0361   0.3045   0.0431   0.3140   0.0485
-165.00   0.0001   0.3500   0.6628   0.1056   0.3545   0.0981   0.3818   0.0707   0.4077   0.0725   0.4271   0.0736   0.4568   0.0719   0.4711   0.0752
-160.00   0.0001   0.3500   0.8837   0.1268   0.4727   0.1730   0.5091   0.1463   0.5436   0.1429   0.5695   0.1389   0.6090   0.1371   0.6281   0.1404
-155.00   0.0001   0.3500   0.9255   0.2097   0.5909   0.2653   0.6363   0.2396   0.6795   0.2297   0.7118   0.2192   0.7613   0.2176   0.7851   0.2207
-150.00   0.0001   0.3500   0.9674   0.2927   0.7091   0.3726   0.7636   0.3479   0.8154   0.3306   0.8542   0.3127   0.9135   0.3111   0.9421   0.3141
-145.00   0.0001   0.3500   0.8738   0.3948   0.7386   0.4916   0.7890   0.4684   0.8313   0.4427   0.8615   0.4164   0.9163   0.4149   0.9427   0.4177
-140.00   0.0001   0.3500   0.7801   0.4970   0.7083   0.6176   0.7475   0.5958   0.7715   0.5613   0.7861   0.5262   0.8287   0.5248   0.8492   0.5275
-135.00   0.0001   0.3500   0.7047   0.6066   0.6729   0.7479   0.7032   0.7278   0.7136   0.6840   0.7166   0.6398   0.7497   0.6385   0.7656   0.6410
-130.00   0.0001   0.3500   0.6293   0.7161   0.6293   0.8780   0.6525   0.8597   0.6528   0.8068   0.6475   0.7533   0.6727   0.7522   0.6849   0.7544
-125.00   0.0001   0.3500   0.5539   0.8204   0.5767   1.0042   0.5940   0.9879   0.5870   0.9259   0.5758   0.8635   0.5947   0.8625   0.6037   0.8644
-120.00   0.0001   0.3500   0.4785   0.9246   0.5146   1.1228   0.5270   1.1086   0.5153   1.0381   0.5006   0.9672   0.5141   0.9663   0.5206   0.9680
-115.00   0.0001   0.3500   0.3987   1.0116   0.4434   1.2307   0.4518   1.2187   0.4376   1.1403   0.4214   1.0616   0.4306   1.0608   0.4351   1.0623
-110.00   0.0001   0.3500   0.3189   1.0985   0.3633   1.3226   0.3686   1.3129   0.3542   1.2277   0.3384   1.1423   0.3443   1.1416   0.3471   1.1428
-105.00   0.0001   0.3500   0.2371   1.1583   0.2767   1.3971   0.2797   1.3898   0.2668   1.2989   0.2531   1.2078   0.2564   1.2073   0.2580   1.2082
-100.00   0.0001   0.3500   0.1553   1.2182   0.1858   1.4525   0.1872   1.4475   0.1773   1.3522   0.1670   1.2568   0.1685   1.2564   0.1692   1.2570
 -95.00   0.0001   0.3500   0.0776   1.2445   0.0928   1.4871   0.0931   1.4846   0.0876   1.3862   0.0820   1.2878   0.0824   1.2876   0.0826   1.2879
 -90.00   0.0001   0.3500  -0.0000   1.2707  -0.0000   1.5000  -0.0000   1.5000  -0.0000   1.4000  -0.0000   1.3000  -0.0000   1.3000  -0.0000   1.3000
 -85.00   0.0001   0.3500  -0.0777   1.2444  -0.0928   1.4871  -0.0931   1.4846  -0.0876   1.3862  -0.0820   1.2878  -0.0824   1.2876  -0.0826   1.2879
 -80.00   0.0001   0.3500  -0.1553   1.2182  -0.1858   1.4525  -0.1872   1.4475  -0.1773   1.3522  -0.1670   1.2568  -0.1685   1.2564  -0.1692   1.2570
 -75.00   0.0001   0.3500  -0.2371   1.1584  -0.2767   1.3971  -0.2797   1.3898  -0.2668   1.2989  -0.2531   1.2078  -0.2564   1.2073  -0.2580   1.2082
 -70.00   0.0001   0.3500  -0.3189   1.0985  -0.3633   1.3226  -0.3686   1.3129  -0.3542   1.2277  -0.3384   1.1423  -0.3443   1.1416  -0.3471   1.1428
 -65.00   0.0001   0.3500  -0.3987   1.0115  -0.4434   1.2307  -0.4518   1.2187  -0.4376   1.1403  -0.4214   1.0616  -0.4306   1.0608  -0.4351   1.0623
 -60.00   0.0001   0.3500  -0.4784   0.9246  -0.5146   1.1228  -0.5270   1.1086  -0.5153   1.0381  -0.5006   0.9672  -0.5141   0.9663  -0.5206   0.9680
 -55.00   0.0001   0.3500  -0.5538   0.8204  -0.5767   1.0042  -0.5940   0.9879  -0.5870   0.9259  -0.5758   0.8635  -0.5947   0.8625  -0.6037   0.8644
 -50.00   0.0001   0.3500  -0.6293   0.7161  -0.6293   0.8780  -0.6525   0.8597  -0.6528   0.8068  -0.6475   0.7533  -0.6727   0.7522  -0.6849   0.7544
 -45.00   0.0001   0.3500  -0.7047   0.6066  -0.6729   0.7479  -0.7032   0.7278  -0.7136   0.6840  -0.7166   0.6398  -0.7497   0.6385  -0.7656   0.6410
 -40.00   0.0001   0.3500  -0.7801   0.4970  -0.7083   0.6176  -0.7475   0.5958  -0.7715   0.5613  -0.7861   0.5262  -0.8287   0.5248  -0.8492   0.5275
 -35.00   0.0001   0.3500  -0.8737   0.3949  -0.7386   0.4916  -0.7890   0.4684  -0.8313   0.4427  -0.8615   0.4164  -0.9163   0.4149  -0.9427   0.4177
 -30.00   0.0001   0.3500  -0.9674   0.2927  -0.8064   0.3528  -0.9462   0.3086  -0.9841   0.2964  -1.0073   0.2850  -1.0687   0.2789  -1.0590   0.2796
 -25.00   0.0001   0.3500  -0.9978   0.2213  -1.1013   0.1764  -1.1146   0.1693  -1.0871   0.1746  -1.1064   0.1715  -1.1525   0.1641  -1.0690   0.1670
 -20.00   0.0001   0.3500  -1.0281   0.1499  -1.2360   0.0834  -1.1448   0.0970  -1.0699   0.1074  -1.1182   0.1034  -1.0945   0.1060  -0.9825   0.1097
 -19.00   0.0001   0.3500  -0.9971   0.1433  -1.2307   0.0743  -1.1364   0.0872  -1.0622   0.0972  -1.1207   0.0926  -1.0763   0.0967  -0.9621   0.1011
 -18.00   0.0001   0.3500  -0.9815   0.1360  -1.2254   0.0651  -1.1280   0.0774  -1.0545   0.0869  -1.1233   0.0818  -1.0580   0.0873  -0.9417   0.0925
 -17.00   0.0001   0.3500  -0.9655   0.1290  -1.2151   0.0570  -1.1109   0.0693  -1.0444   0.0777  -1.1210   0.0726  -1.0404   0.0789  -0.9175   0.0842
 -16.00   0.0001   0.3500  -0.9405   0.1229  -1.2048   0.0489  -1.0939   0.0612  -1.0343   0.0684  -1.1187   0.0633  -1.0228   0.0705  -0.8933   0.0760
 -15.00   0.0001   0.3500  -0.9184   0.1167  -1.1940   0.0415  -1.0768   0.0539  -1.0590   0.0579  -1.1174   0.0552  -1.0105   0.0626  -0.8740   0.0683
 -14.00   0.0001   0.3500  -0.8926   0.1110  -1.1833   0.0342  -1.0596   0.0467  -1.0836   0.0473  -1.1162   0.0472  -0.9981   0.0547  -0.8547   0.0605
 -13.00   0.0001   0.3500  -0.8626   0.1059  -1.1421   0.0277  -1.0454   0.0398  -1.0892   0.0391  -1.1060   0.0400  -0.9916   0.0476  -0.8391   0.0535
 -12.00   0.0001   0.3500  -0.8271   0.1013  -1.1009   0.0213  -1.0312   0.0330  -1.0949   0.0308  -1.0959   0.0328  -0.9852   0.0405  -0.8235   0.0464
 -11.00   0.0001   0.3500  -0.7890   0.0971  -0.9915   0.0176  -0.9841   0.0266  -1.0108   0.0253  -1.0068   0.0282  -0.9405   0.0349  -0.8094   0.0404
 -10.00   0.0001   0.3500  -0.7674   0.0925  -0.8821   0.0139  -0.9371   0.0203  -0.9266   0.0198  -0.9177   0.0235  -0.8958   0.0293  -0.7954   0.0344
  -9.00   0.0001   0.3500  -0.6855   0.0895  -0.7559   0.0123  -0.8054   0.0160  -0.8117   0.0171  -0.8054   0.0207  -0.7856   0.0257  -0.7160   0.0299
  -8.00   0.0001   0.3500  -0.5718   0.0875  -0.6298   0.0108  -0.6738   0.0117  -0.6968   0.0144  -0.6931   0.0179  -0.6754   0.0221  -0.6365   0.0255
  -7.00   0.0001   0.3500  -0.4454   0.0862  -0.5033   0.0098  -0.5389   0.0104  -0.5665   0.0130  -0.5735   0.0161  -0.5539   0.0197  -0.5137   0.0227
  -6.00   0.0001   0.3500  -0.3144   0.0852  -0.3767   0.0088  -0.4039   0.0092  -0.4363   0.0115  -0.4540   0.0143  -0.4325   0.0174  -0.3909   0.0199
  -5.00   0.0001   0.3500  -0.1827   0.0845  -0.2492   0.0079  -0.2731   0.0088  -0.2994   0.0109  -0.3159   0.0134  -0.2956   0.0160  -0.2608   0.0182
  -4.00   0.0001   0.3500  -0.0529   0.0840  -0.1218   0.0070  -0.1423   0.0084  -0.1625   0.0103  -0.1778   0.0124  -0.1588   0.0147  -0.1307   0.0165
  -3.00   0.0001   0.3500   0.0686   0.0838   0.0032   0.0068  -0.0132   0.0082  -0.0277   0.0100  -0.0365   0.0120  -0.0121   0.0142   0.0155   0.0158
  -2.00   0.0001   0.3500   0.1853   0.0838   0.1281   0.0066   0.1158   0.0081   0.1071   0.0098   0.1048   0.0116   0.1346   0.0136   0.1617   0.0151
  -1.00   0.0001   0.3500   0.3006   0.0838   0.2519   0.0066   0.2438   0.0081   0.2399   0.0097   0.2438   0.0114   0.2801   0.0134   0.3112   0.0148
   0.00   0.0001   0.3500   0.4135   0.0838   0.3754   0.0067   0.3711   0.0081   0.3716   0.0097   0.3811   0.0114   0.4239   0.0133   0.4596   0.0146
   1.00   0.0001   0.3500   0.5359   0.0840   0.4983   0.0068   0.4977   0.0082   0.5021   0.0098   0.5166   0.0114   0.5652   0.0133   0.6057   0.0147
   2.00   0.0001   0.3500   0.6568   0.0842   0.6205   0.0070   0.6233   0.0084   0.6314   0.0099   0.6504   0.0116   0.7041   0.0134   0.7487   0.0148
   3.00   0.0001   0.3500   0.7758   0.0845   0.7420   0.0072   0.7480   0.0087   0.7595   0.0102   0.7827   0.0118   0.8407   0.0137   0.8886   0.0151
   4.00   0.0001   0.3500   0.8926   0.0847   0.8624   0.0075   0.8714   0.0090   0.8864   0.0105   0.9133   0.0120   0.9750   0.0140   1.0254   0.0154
   5.00   0.0001   0.3500   1.0081   0.0851   0.9811   0.0080   0.9932   0.0094   1.0117   0.0108   1.0421   0.0124   1.1068   0.0144   1.1588   0.0159
   6.00   0.0001   0.3500   1.1211   0.0855   1.0966   0.0087   1.1133   0.0100   1.1343   0.0114   1.1687   0.0128   1.2360   0.0149   1.2882   0.0165
   7.00   0.0001   0.3500   1.2312   0.0860   1.2090   0.0097   1.2304   0.0107   1.2554   0.0120   1.2930   0.0134   1.3622   0.0155   1.4128   0.0173
   8.00   0.0001   0.3500   1.3373   0.0865   1.3168   0.0110   1.3450   0.0115   1.3738   0.0127   1.4139   0.0141   1.4842   0.0162   1.5309   0.0183
   9.00   0.0001   0.3500   1.4408   0.0872   1.4221   0.0123   1.4541   0.0127   1.4884   0.0135   1.5309   0.0149   1.6010   0.0172   1.6406   0.0196
  10.00   0.0001   0.3500   1.5248   0.0880   1.5236   0.0137   1.5591   0.0140   1.5978   0.0146   1.6421   0.0159   1.7101   0.0184   1.7393   0.0215
  11.00   0.0001   0.3500   1.5939   0.0890   1.6199   0.0153   1.6578   0.0155   1.7000   0.0160   1.7457   0.0173   1.8096   0.0201   1.8197   0.0245
  12.00   0.0001   0.3500   1.6385   0.0909   1.7094   0.0172   1.7483   0.0172   1.7919   0.0178   1.8389   0.0191   1.8947   0.0226   1.8707   0.0297
  13.00   0.0001   0.3500   1.6862   0.0933   1.7868   0.0197   1.8267   0.0196   1.8678   0.0204   1.9176   0.0217   1.9570   0.0267   1.8922   0.0377
  14.00   0.0001   0.3500   1.7241   0.0969   1.8429   0.0237   1.8883   0.0229   1.9269   0.0238   1.9741   0.0257   1.9858   0.0338   1.8791   0.0482
  15.00   0.0001   0.3500   1.7564   0.1016   1.8531   0.0309   1.9258   0.0280   1.9090   0.0324   1.9992   0.0322   1.9926   0.0433   1.8811   0.0584
  16.00   0.0001   0.3500   1.7701   0.1081   1.8095   0.0430   1.9272   0.0361   1.8855   0.0426   1.9938   0.0416   1.9962   0.0535   1.8636   0.0699
  17.00   0.0001   0.3500   1.7625   0.1171   1.7349   0.0602   1.8639   0.0507   1.8033   0.0597   1.9555   0.0544   1.9801   0.0653   1.7984   0.0858
  18.00   0.0001   0.3500   1.7348   0.1283   1.6603   0.0773   1.8005   0.0653   1.7211   0.0767   1.9172   0.0673   1.9640   0.0771   1.7332   0.1017
  19.00   0.0001   0.3500   1.7025   0.1403   1.6109   0.0947   1.7157   0.0850   1.6342   0.0979   1.8270   0.0863   1.8879   0.0944   1.6634   0.1204
  20.00   0.0001   0.3500   1.6681   0.1528   1.5615   0.1120   1.6309   0.1046   1.5474   0.1191   1.7368   0.1053   1.8118   0.1117   1.5936   0.1392
  25.00   0.0001   0.3500   1.5570   0.2132   1.3976   0.2070   1.3971   0.2152   1.3628   0.2214   1.4449   0.2128   1.5375   0.2113   1.4624   0.2280
  30.00   0.0001   0.3500   1.3705   0.3014   1.1856   0.3473   1.2258   0.3404   1.2893   0.3269   1.3309   0.3137   1.4300   0.3117   1.4420   0.3181
  35.00   0.0001   0.3500   1.2396   0.4015   1.0552   0.4916   1.1271   0.4684   1.1875   0.4427   1.2307   0.4164   1.3090   0.4149   1.3467   0.4177
  40.00   0.0001   0.3500   1.1102   0.5019   1.0119   0.6176   1.0678   0.5958   1.1021   0.5613   1.1229   0.5262   1.1838   0.5248   1.2132   0.5275
  45.00   0.0001   0.3500   1.0044   0.6089   0.9613   0.7479   1.0046   0.7278   1.0194   0.6840   1.0238   0.6398   1.0710   0.6385   1.0937   0.6410
  50.00   0.0001   0.3500   0.8990   0.7161   0.8991   0.8780   0.9322   0.8597   0.9326   0.8068   0.9249   0.7533   0.9610   0.7522   0.9784   0.7544
  55.00   0.0001   0.3500   0.7913   0.8204   0.8238   1.0042   0.8486   0.9879   0.8386   0.9259   0.8226   0.8635   0.8495   0.8625   0.8625   0.8644
  60.00   0.0001   0.3500   0.6836   0.9246   0.7351   1.1228   0.7529   1.1086   0.7361   1.0381   0.7151   0.9672   0.7345   0.9663   0.7438   0.9680
  65.00   0.0001   0.3500   0.5696   1.0115   0.6334   1.2307   0.6455   1.2187   0.6252   1.1403   0.6020   1.0616   0.6152   1.0608   0.6215   1.0623
  70.00   0.0001   0.3500   0.4556   1.0985   0.5189   1.3226   0.5266   1.3129   0.5060   1.2277   0.4835   1.1423   0.4918   1.1416   0.4958   1.1428
  75.00   0.0001   0.3500   0.3387   1.1584   0.3953   1.3971   0.3996   1.3898   0.3811   1.2989   0.3616   1.2078   0.3663   1.2073   0.3686   1.2082
  80.00   0.0001   0.3500   0.2219   1.2182   0.2654   1.4525   0.2674   1.4475   0.2532   1.3522   0.2386   1.2568   0.2407   1.2564   0.2418   1.2570
  85.00   0.0001   0.3500   0.1110   1.2444   0.1325   1.4871   0.1330   1.4846   0.1252   1.3862   0.1171   1.2878   0.1177   1.2876   0.1180   1.2879
  90.00   0.0001   0.3500   0.0000   1.2707   0.0000   1.5000   0.0000   1.5000   0.0000   1.4000   0.0000   1.3000   0.0000   1.3000   0.0000   1.3000
  95.00   0.0001   0.3500  -0.0776   1.2445  -0.0928   1.4871  -0.0931   1.4846  -0.0876   1.3862  -0.0820   1.2878  -0.0824   1.2876  -0.0826   1.2879
 100.00   0.0001   0.3500  -0.1553   1.2182  -0.1858   1.4525  -0.1872   1.4475  -0.1773   1.3522  -0.1670   1.2568  -0.1685   1.2564  -0.1692   1.2570
 105.00   0.0001   0.3500  -0.2371   1.1583  -0.2767   1.3971  -0.2797   1.3898  -0.2668   1.2989  -0.2531   1.2078  -0.2564   1.2073  -0.2580   1.2082
 110.00   0.0001   0.3500  -0.3189   1.0985  -0.3633   1.3226  -0.3686   1.3129  -0.3542   1.2277  -0.3384   1.1423  -0.3443   1.1416  -0.3471   1.1428
 115.00   0.0001   0.3500  -0.3986   1.0116  -0.4434   1.2307  -0.4518   1.2187  -0.4376   1.1403  -0.4214   1.0616  -0.4306   1.0608  -0.4351   1.0623
 120.00   0.0001   0.3500  -0.4784   0.9246  -0.5146   1.1228  -0.5270   1.1086  -0.5153   1.0381  -0.5006   0.9672  -0.5141   0.9663  -0.5206   0.9680
 125.00   0.0001   0.3500  -0.5538   0.8204  -0.5767   1.0042  -0.5940   0.9879  -0.5870   0.9259  -0.5758   0.8635  -0.5947   0.8625  -0.6037   0.8644
 130.00   0.0001   0.3500  -0.6293   0.7161  -0.6293   0.8780  -0.6525   0.8597  -0.6528   0.8068  -0.6475   0.7533  -0.6727   0.7522  -0.6849   0.7544
 135.00   0.0001   0.3500  -0.7047   0.6066  -0.6729   0.7479  -0.7032   0.7278  -0.7136   0.6840  -0.7166   0.6398  -0.7497   0.6385  -0.7656   0.6410
 140.00   0.0001   0.3500  -0.7801   0.4970  -0.7083   0.6176  -0.7475   0.5958  -0.7715   0.5613  -0.7861   0.5262  -0.8287   0.5248  -0.8492   0.5275
 145.00   0.0001   0.3500  -0.8738   0.3948  -0.7386   0.4916  -0.7890   0.4684  -0.8313   0.4427  -0.8615   0.4164  -0.9163   0.4149  -0.9427   0.4177
 150.00   0.0001   0.3500  -0.9674   0.2927  -0.7091   0.3726  -0.7636   0.3479  -0.8154   0.3306  -0.8542   0.3127  -0.9135   0.3111  -0.9421   0.3141
 155.00   0.0001   0.3500  -0.9255   0.2097  -0.5909   0.2653  -0.6363   0.2396  -0.6795   0.2297  -0.7118   0.2192  -0.7613   0.2176  -0.7851   0.2207
 160.00   0.0001   0.3500  -0.8837   0.1268  -0.4727   0.1730  -0.5091   0.1463  -0.5436   0.1429  -0.5695   0.1389  -0.6090   0.1371  -0.6281   0.1404
 165.00   0.0001   0.3500  -0.6628   0.1056  -0.3545   0.0981  -0.3818   0.0707  -0.4077   0.0725  -0.4271   0.0736  -0.4568   0.0719  -0.4711   0.0752
 170.00   0.0001   0.3500  -0.4418   0.0844  -0.2364   0.0433  -0.2545   0.0253  -0.2718   0.0285  -0.2847   0.0361  -0.3045   0.0431  -0.3140   0.0485
 175.00   0.0001   0.3500  -0.2201   0.0844  -0.1182   0.0281  -0.1273   0.0153  -0.1359   0.0187  -0.1424   0.0275  -0.1523   0.0346  -0.1570   0.0401
 180.00   0.0001   0.3500   0.0000   0.0844   0.0000   0.0246   0.0000   0.0118   0.0000   0.0155   0.0000   0.0245   0.0000   0.0317   0.0000   0.0371
